Catégorie : Toutes catégories

Semaine,David Bradley: (États-Unis)
2022-11-06,68
2022-11-13,37
2022-11-20,45
2022-11-27,49
2022-12-04,63
2022-12-11,100
2022-12-18,94
2022-12-25,69
2023-01-01,42
2023-01-08,52
2023-01-15,50
2023-01-22,50
2023-01-29,48
2023-02-05,48
2023-02-12,50
2023-02-19,49
2023-02-26,56
2023-03-05,48
2023-03-12,57
2023-03-19,48
2023-03-26,43
2023-04-02,47
2023-04-09,35
2023-04-16,45
2023-04-23,56
2023-04-30,48
2023-05-07,43
2023-05-14,46
2023-05-21,45
2023-05-28,38
2023-06-04,40
2023-06-11,43
2023-06-18,41
2023-06-25,55
2023-07-02,49
2023-07-09,33
2023-07-16,44
2023-07-23,38
2023-07-30,44
2023-08-06,49
2023-08-13,54
2023-08-20,45
2023-08-27,48
2023-09-03,46
2023-09-10,45
2023-09-17,42
2023-09-24,46
2023-10-01,46
2023-10-08,43
2023-10-15,53
2023-10-22,46
2023-10-29,30
